GENERADOR DE BINS - NovaChk
============================================================

Patrón: 41691600843xxxx|02|2026
Cantidad generada: 20
Fecha: 2026-02-21 15:47:36
Generado por: @novitaloop

INFORMACIÓN DEL BIN:
BIN: 416916
Tarjeta: VISA - DEBIT
Banco: Bancoppel S.A. Institucion De Banca Multiple
País: Mexico 🇲🇽
Moneda: MXN

LISTA DE BINS GENERADOS:
----------------------------------------
1. 4169160084302067|02|2026|807
2. 4169160084399006|02|2026|807
3. 4169160084343947|02|2026|807
4. 4169160084355271|02|2026|807
5. 4169160084381806|02|2026|807
6. 4169160084372821|02|2026|807
7. 4169160084308940|02|2026|807
8. 4169160084310367|02|2026|807
9. 4169160084353649|02|2026|807
10. 4169160084388637|02|2026|807
11. 4169160084307694|02|2026|807
12. 4169160084374587|02|2026|807
13. 4169160084319301|02|2026|807
14. 4169160084302208|02|2026|807
15. 4169160084375295|02|2026|807
16. 4169160084324020|02|2026|807
17. 4169160084361402|02|2026|807
18. 4169160084320804|02|2026|807
19. 4169160084398859|02|2026|807
20. 4169160084349902|02|2026|807
